0.01 0.504977 0.459545 0.459522 0.0454318 0.0454553
0.02 0.51 0.505868 0.505856 0.00413223 0.00414449
0.03 0.515 0.514624 0.514619 0.000375657 0.000380958
0.04 0.52 0.519966 0.519964 3.41507e-05 3.63137e-05
0.05 0.525 0.524997 0.524996 3.10461e-06 3.95991e-06
0.06 0.53 0.53 0.529999 2.82237e-07 6.12189e-07
0.07 0.535 0.535 0.535 2.56579e-08 1.50108e-07
0.08 0.54 0.54 0.54 2.33255e-09 4.82751e-08
0.09 0.545 0.545 0.545 2.12058e-10 1.68247e-08
0.1 0.55 0.55 0.55 1.92868e-11 5.90701e-09
0.11 0.555 0.555 0.555 1.76203e-12 2.04823e-09
0.12 0.56 0.56 0.56 1.68865e-13 6.9817e-10
0.13 0.565 0.565 0.565 2.39808e-14 2.33765e-10
0.14 0.57 0.57 0.57 1.07692e-14 7.68977e-11
0.15 0.575 0.575 0.575 9.4369e-15 2.4863e-11
0.16 0.58 0.58 0.58 9.32587e-15 7.9059e-12
0.17 0.585 0.585 0.585 9.21485e-15 2.47435e-12
0.18 0.59 0.59 0.59 9.10383e-15 7.63611e-13
0.19 0.595 0.595 0.595 8.99281e-15 2.33591e-13
0.2 0.6 0.6 0.6 8.88178e-15 7.19425e-14
0.21 0.605 0.605 0.605 8.77076e-15 2.33147e-14
0.22 0.61 0.61 0.61 8.65974e-15 9.21485e-15
0.23 0.615 0.615 0.615 8.54872e-15 4.996e-15
0.24 0.62 0.62 0.62 8.43769e-15 3.9968e-15
0.25 0.625 0.625 0.625 8.32667e-15 3.55271e-15
0.26 0.63 0.63 0.63 8.21565e-15 3.44169e-15
0.27 0.635 0.635 0.635 8.10463e-15 3.44169e-15
0.28 0.64 0.64 0.64 7.99361e-15 3.44169e-15
0.29 0.645 0.645 0.645 7.77156e-15 3.44169e-15
0.3 0.65 0.65 0.65 7.66054e-15 3.44169e-15
0.31 0.655 0.655 0.655 7.54952e-15 3.33067e-15
0.32 0.66 0.66 0.66 7.43849e-15 3.33067e-15
0.33 0.665 0.665 0.665 7.32747e-15 3.33067e-15
0.34 0.67 0.67 0.67 7.21645e-15 3.21965e-15
0.35 0.675 0.675 0.675 7.10543e-15 3.10862e-15
0.36 0.68 0.68 0.68 6.88338e-15 2.88658e-15
0.37 0.685 0.685 0.685 6.88338e-15 2.9976e-15
0.38 0.69 0.69 0.69 6.66134e-15 2.88658e-15
0.39 0.695 0.695 0.695 6.66134e-15 2.9976e-15
0.4 0.7 0.7 0.7 6.43929e-15 2.77556e-15
0.41 0.705 0.705 0.705 6.43929e-15 2.88658e-15
0.42 0.71 0.71 0.71 6.21725e-15 2.77556e-15
0.43 0.715 0.715 0.715 5.9952e-15 2.66454e-15
0.44 0.72 0.72 0.72 5.88418e-15 2.55351e-15
0.45 0.725 0.725 0.725 5.77316e-15 2.55351e-15
0.46 0.73 0.73 0.73 5.77316e-15 2.44249e-15
0.47 0.735 0.735 0.735 5.77316e-15 2.44249e-15
0.48 0.74 0.74 0.74 5.66214e-15 2.44249e-15
0.49 0.745 0.745 0.745 5.55112e-15 2.33147e-15
0.5 0.75 0.75 0.75 5.44009e-15 2.33147e-15
0.51 0.755 0.755 0.755 5.32907e-15 2.33147e-15
0.52 0.76 0.76 0.76 5.21805e-15 2.22045e-15
0.53 0.765 0.765 0.765 5.10703e-15 2.10942e-15
0.54 0.77 0.77 0.77 4.996e-15 2.22045e-15
0.55 0.775 0.775 0.775 4.88498e-15 2.22045e-15
0.56 0.78 0.78 0.78 4.77396e-15 2.22045e-15
0.57 0.785 0.785 0.785 4.66294e-15 2.10942e-15
0.58 0.79 0.79 0.79 4.55191e-15 1.9984e-15
0.59 0.795 0.795 0.795 4.32987e-15 1.88738e-15
0.6 0.8 0.8 0.8 4.32987e-15 1.88738e-15
0.61 0.805 0.805 0.805 4.21885e-15 1.77636e-15
0.62 0.81 0.81 0.81 4.32987e-15 1.88738e-15
0.63 0.815 0.815 0.815 4.10783e-15 1.66533e-15
0.64 0.82 0.82 0.82 4.10783e-15 1.77636e-15
0.65 0.825 0.825 0.825 3.88578e-15 1.66533e-15
0.66 0.83 0.83 0.83 3.88578e-15 1.66533e-15
0.67 0.835 0.835 0.835 3.66374e-15 1.44329e-15
0.68 0.84 0.84 0.84 3.66374e-15 1.66533e-15
0.69 0.845 0.845 0.845 3.44169e-15 1.55431e-15
0.7 0.85 0.85 0.85 3.44169e-15 1.66533e-15
0.71 0.855 0.855 0.855 3.21965e-15 1.44329e-15
0.72 0.86 0.86 0.86 3.10862e-15 1.33227e-15
0.73 0.865 0.865 0.865 2.9976e-15 1.33227e-15
0.74 0.87 0.87 0.87 2.88658e-15 1.22125e-15
0.75 0.875 0.875 0.875 2.77556e-15 1.22125e-15
0.76 0.88 0.88 0.88 2.66454e-15 1.22125e-15
0.77 0.885 0.885 0.885 2.55351e-15 1.22125e-15
0.78 0.89 0.89 0.89 2.44249e-15 1.22125e-15
0.79 0.895 0.895 0.895 2.33147e-15 1.11022e-15
0.8 0.9 0.9 0.9 2.22045e-15 9.99201e-16
0.81 0.905 0.905 0.905 2.10942e-15 8.88178e-16
0.82 0.91 0.91 0.91 1.9984e-15 9.99201e-16
0.83 0.915 0.915 0.915 1.88738e-15 9.99201e-16
0.84 0.92 0.92 0.92 1.66533e-15 8.88178e-16
0.85 0.925 0.925 0.925 1.66533e-15 8.88178e-16
0.86 0.93 0.93 0.93 1.44329e-15 6.66134e-16
0.87 0.935 0.935 0.935 1.44329e-15 7.77156e-16
0.88 0.94 0.94 0.94 1.33227e-15 5.55112e-16
0.89 0.945 0.945 0.945 1.33227e-15 6.66134e-16
0.9 0.95 0.95 0.95 1.11022e-15 5.55112e-16
0.91 0.955 0.955 0.955 1.11022e-15 6.66134e-16
0.92 0.96 0.96 0.96 8.88178e-16 5.55112e-16
0.93 0.965 0.965 0.965 8.88178e-16 5.55112e-16
0.94 0.97 0.97 0.97 6.66134e-16 3.33067e-16
0.95 0.975 0.975 0.975 6.66134e-16 3.33067e-16
0.96 0.98 0.98 0.98 4.44089e-16 2.22045e-16
0.97 0.985 0.985 0.985 3.33067e-16 1.11022e-16
0.98 0.99 0.99 0.99 2.22045e-16 1.11022e-16
0.99 0.995 0.995 0.995 1.11022e-16 1.11022e-16
