5.44221 -2.30748 -0.222118 0.0927178 0 
4.6734 -2.01306 0.299414 -0.131463 0 
4.6734 -2.01306 0.299414 -0.131463 0 
4.6734 -2.01306 0.299414 -0.131463 0 
5.44221 -2.30748 -0.222118 0.0927178 0 
5.44221 -2.30748 -0.222118 0.0927178 0 
4.6734 -2.01306 0.299414 -0.131463 0 
5.44221 -2.30748 -0.222118 0.0927178 0 
4.30996 -1.49038 -0.445279 0.0689089 0 
4.6734 -2.01306 0.299414 -0.131463 0 
5.44221 -2.30748 -0.222118 0.0927178 0 
4.6734 -2.01306 0.299414 -0.131463 0 
4.6734 -2.01306 0.299414 -0.131463 0 
4.6734 -2.01306 0.299414 -0.131463 0 
5.80565 -2.83016 0.522575 -0.107654 0 
5.80565 -2.83016 0.522575 -0.107654 0 
5.44221 -2.30748 -0.222118 0.0927178 0 
5.44221 -2.30748 -0.222118 0.0927178 0 
5.44221 -2.30748 -0.222118 0.0927178 0 
5.44221 -2.30748 -0.222118 0.0927178 0 
5.44221 -2.30748 -0.222118 0.0927178 0 
5.44221 -2.30748 -0.222118 0.0927178 0 
4.6734 -2.01306 0.299414 -0.131463 0 
5.44221 -2.30748 -0.222118 0.0927178 0 
4.6734 -2.01306 0.299414 -0.131463 0 
5.44221 -2.30748 -0.222118 0.0927178 0 
5.44221 -2.30748 -0.222118 0.0927178 0 
5.44221 -2.30748 -0.222118 0.0927178 0 
5.44221 -2.30748 -0.222118 0.0927178 0 
4.6734 -2.01306 0.299414 -0.131463 0 
4.6734 -2.01306 0.299414 -0.131463 0 
5.44221 -2.30748 -0.222118 0.0927178 0 
5.80565 -2.83016 0.522575 -0.107654 0 
5.80565 -2.83016 0.522575 -0.107654 0 
4.6734 -2.01306 0.299414 -0.131463 0 
5.44221 -2.30748 -0.222118 0.0927178 0 
5.44221 -2.30748 -0.222118 0.0927178 0 
4.6734 -2.01306 0.299414 -0.131463 0 
4.6734 -2.01306 0.299414 -0.131463 0 
5.44221 -2.30748 -0.222118 0.0927178 0 
5.44221 -2.30748 -0.222118 0.0927178 0 
4.30996 -1.49038 -0.445279 0.0689089 0 
4.6734 -2.01306 0.299414 -0.131463 0 
5.44221 -2.30748 -0.222118 0.0927178 0 
5.44221 -2.30748 -0.222118 0.0927178 0 
4.6734 -2.01306 0.299414 -0.131463 0 
5.44221 -2.30748 -0.222118 0.0927178 0 
4.6734 -2.01306 0.299414 -0.131463 0 
5.44221 -2.30748 -0.222118 0.0927178 0 
5.44221 -2.30748 -0.222118 0.0927178 0 
8.64098 -0.376885 -0.422853 0.11263 1 
7.87217 -0.0824703 0.0986793 -0.111551 1 
7.87217 -0.0824703 0.0986793 -0.111551 1 
6.73992 0.734626 -0.124481 -0.135359 1 
7.50873 0.440211 -0.646013 0.0888215 1 
6.73992 0.734626 -0.124481 -0.135359 1 
7.87217 -0.0824703 0.0986793 -0.111551 1 
5.46327 0.2964 0.245587 0.0675303 1 
7.50873 0.440211 -0.646013 0.0888215 1 
6.23207 0.00198437 -0.275945 0.291711 1 
6.23207 0.00198437 -0.275945 0.291711 1 
7.10336 0.211945 0.620211 -0.335732 1 
7.50873 0.440211 -0.646013 0.0888215 1 
7.50873 0.440211 -0.646013 0.0888215 1 
6.23207 0.00198437 -0.275945 0.291711 1 
7.87217 -0.0824703 0.0986793 -0.111551 1 
7.10336 0.211945 0.620211 -0.335732 1 
6.73992 0.734626 -0.124481 -0.135359 1 
7.50873 0.440211 -0.646013 0.0888215 1 
6.23207 0.00198437 -0.275945 0.291711 1 
7.10336 0.211945 0.620211 -0.335732 1 
7.50873 0.440211 -0.646013 0.0888215 1 
7.50873 0.440211 -0.646013 0.0888215 1 
7.50873 0.440211 -0.646013 0.0888215 1 
7.50873 0.440211 -0.646013 0.0888215 1 
7.87217 -0.0824703 0.0986793 -0.111551 1 
7.50873 0.440211 -0.646013 0.0888215 1 
8.38001 0.650171 0.250143 -0.538621 1 
7.50873 0.440211 -0.646013 0.0888215 1 
6.23207 0.00198437 -0.275945 0.291711 1 
6.23207 0.00198437 -0.275945 0.291711 1 
6.23207 0.00198437 -0.275945 0.291711 1 
6.23207 0.00198437 -0.275945 0.291711 1 
8.01657 1.17285 -0.49455 -0.338249 1 
7.10336 0.211945 0.620211 -0.335732 1 
7.87217 -0.0824703 0.0986793 -0.111551 1 
7.87217 -0.0824703 0.0986793 -0.111551 1 
7.50873 0.440211 -0.646013 0.0888215 1 
7.10336 0.211945 0.620211 -0.335732 1 
6.73992 0.734626 -0.124481 -0.135359 1 
6.73992 0.734626 -0.124481 -0.135359 1 
7.87217 -0.0824703 0.0986793 -0.111551 1 
6.73992 0.734626 -0.124481 -0.135359 1 
6.23207 0.00198437 -0.275945 0.291711 1 
6.73992 0.734626 -0.124481 -0.135359 1 
7.10336 0.211945 0.620211 -0.335732 1 
6.73992 0.734626 -0.124481 -0.135359 1 
7.50873 0.440211 -0.646013 0.0888215 1 
6.23207 0.00198437 -0.275945 0.291711 1 
6.73992 0.734626 -0.124481 -0.135359 1 
9.02547 1.70431 0.789545 -0.112929 2 
7.24776 1.46727 0.0269824 -0.56243 2 
9.28644 0.677254 0.116549 0.538322 2 
8.01657 1.17285 -0.49455 -0.338249 2 
8.51763 0.971669 0.638081 0.314141 2 
9.79428 1.4099 0.268013 0.111252 2 
5.97111 1.02904 0.397051 -0.35954 2 
9.29322 1.61108 -0.864618 -0.541139 2 
8.01657 1.17285 -0.49455 -0.338249 2 
9.79428 1.4099 0.268013 0.111252 2 
8.51763 0.971669 0.638081 0.314141 2 
8.01657 1.17285 -0.49455 -0.338249 2 
8.51763 0.971669 0.638081 0.314141 2 
7.38538 1.78877 0.41492 0.290333 2 
7.38538 1.78877 0.41492 0.290333 2 
8.51763 0.971669 0.638081 0.314141 2 
8.38001 0.650171 0.250143 -0.538621 2 
9.79428 1.4099 0.268013 0.111252 2 
9.43084 1.93258 -0.47668 0.311624 2 
8.01657 1.17285 -0.49455 -0.338249 2 
8.51763 0.971669 0.638081 0.314141 2 
6.87754 1.05612 0.263456 0.717403 2 
9.43084 1.93258 -0.47668 0.311624 2 
7.50873 0.440211 -0.646013 0.0888215 2 
8.51763 0.971669 0.638081 0.314141 2 
9.65666 1.0884 -0.119925 -0.741511 2 
7.50873 0.440211 -0.646013 0.0888215 2 
7.87217 -0.0824703 0.0986793 -0.111551 2 
8.15419 1.49435 -0.106612 0.514514 2 
9.14882 0.355756 -0.271389 -0.31444 2 
9.29322 1.61108 -0.864618 -0.541139 2 
9.79428 1.4099 0.268013 0.111252 2 
8.15419 1.49435 -0.106612 0.514514 2 
8.01657 1.17285 -0.49455 -0.338249 2 
8.01657 1.17285 -0.49455 -0.338249 2 
9.79428 1.4099 0.268013 0.111252 2 
8.51763 0.971669 0.638081 0.314141 2 
8.38001 0.650171 0.250143 -0.538621 2 
7.87217 -0.0824703 0.0986793 -0.111551 2 
8.51763 0.971669 0.638081 0.314141 2 
8.51763 0.971669 0.638081 0.314141 2 
8.51763 0.971669 0.638081 0.314141 2 
7.24776 1.46727 0.0269824 -0.56243 2 
8.51763 0.971669 0.638081 0.314141 2 
8.51763 0.971669 0.638081 0.314141 2 
8.51763 0.971669 0.638081 0.314141 2 
8.01657 1.17285 -0.49455 -0.338249 2 
8.51763 0.971669 0.638081 0.314141 2 
8.51763 0.971669 0.638081 0.314141 2 
7.6112 0.944586 0.771675 -0.762802 2 
