0.01 0.0128705 0.0128543 0.0125702 1.61373e-05 0.000300259
0.02 0.0256626 0.0256309 0.025066 3.17279e-05 0.000596586
0.03 0.0383772 0.0383305 0.0374885 4.67808e-05 0.000888743
0.04 0.0510151 0.0509538 0.0498386 6.13054e-05 0.0011765
0.05 0.063577 0.0635016 0.0621173 7.53106e-05 0.00145963
0.06 0.0760636 0.0759748 0.0743257 8.88052e-05 0.00173792
0.07 0.0884757 0.0883739 0.0864646 0.000101798 0.00201114
0.08 0.100814 0.1007 0.098535 0.000114298 0.00227911
0.09 0.113079 0.112953 0.110538 0.000126313 0.00254162
0.1 0.125272 0.125135 0.122474 0.000137852 0.00279848
0.11 0.137394 0.137245 0.134344 0.000148923 0.00304951
0.12 0.149445 0.149285 0.14615 0.000159534 0.00329452
0.13 0.161425 0.161255 0.157892 0.000169693 0.00353336
0.14 0.173336 0.173157 0.16957 0.000179408 0.00376586
0.15 0.185178 0.18499 0.181187 0.000188688 0.00399186
0.16 0.196953 0.196755 0.192741 0.000197539 0.00421123
0.17 0.208659 0.208453 0.204235 0.000205969 0.00442383
0.18 0.220299 0.220085 0.21567 0.000213986 0.00462952
0.19 0.231873 0.231652 0.227045 0.000221597 0.00482818
0.2 0.243382 0.243153 0.238362 0.000228809 0.0050197
0.21 0.254826 0.25459 0.249622 0.00023563 0.00520398
0.22 0.266205 0.265963 0.260824 0.000242067 0.00538091
0.23 0.277522 0.277273 0.271971 0.000248126 0.00555041
0.24 0.288775 0.288521 0.283062 0.000253814 0.00571239
0.25 0.299966 0.299707 0.294099 0.000259139 0.00586679
0.26 0.311096 0.310831 0.305082 0.000264106 0.00601353
0.27 0.322164 0.321895 0.316012 0.000268723 0.00615256
0.28 0.333172 0.332899 0.326888 0.000272996 0.00628383
0.29 0.344121 0.343844 0.337713 0.000276931 0.0064073
0.3 0.35501 0.354729 0.348487 0.000280534 0.00652293
0.31 0.36584 0.365557 0.35921 0.000283812 0.00663071
0.32 0.376613 0.376326 0.369882 0.000286771 0.0067306
0.33 0.387328 0.387039 0.380505 0.000289417 0.00682261
0.34 0.397986 0.397695 0.39108 0.000291756 0.00690673
0.35 0.408588 0.408294 0.401605 0.000293793 0.00698297
0.36 0.419135 0.418839 0.412083 0.000295535 0.00705134
0.37 0.429626 0.429329 0.422514 0.000296986 0.00711186
0.38 0.440062 0.439764 0.432897 0.000298153 0.00716455
0.39 0.450444 0.450145 0.443235 0.000299041 0.00720947
0.4 0.460773 0.460473 0.453526 0.000299656 0.00724664
0.41 0.471049 0.470749 0.463773 0.000300003 0.00727612
0.42 0.481272 0.480972 0.473974 0.000300087 0.00729796
0.43 0.491443 0.491143 0.484131 0.000299913 0.00731223
0.44 0.501563 0.501264 0.494244 0.000299486 0.007319
0.45 0.511632 0.511333 0.504314 0.000298812 0.00731834
0.46 0.52165 0.521352 0.51434 0.000297895 0.00731034
0.47 0.531619 0.531322 0.524324 0.000296741 0.00729509
0.48 0.541538 0.541243 0.534265 0.000295354 0.00727268
0.49 0.551408 0.551114 0.544165 0.000293738 0.00724321
0.5 0.56123 0.560938 0.554023 0.000291899 0.0072068
0.51 0.571003 0.570714 0.56384 0.000289842 0.00716355
0.52 0.58073 0.580442 0.573616 0.000287569 0.00711358
0.53 0.590409 0.590124 0.583352 0.000285087 0.00705703
0.54 0.600041 0.599759 0.593047 0.0002824 0.006994
0.55 0.609628 0.609348 0.602703 0.000279511 0.00692465
0.56 0.619169 0.618892 0.61232 0.000276425 0.0068491
0.57 0.628664 0.628391 0.621897 0.000273146 0.0067675
0.58 0.638115 0.637846 0.631435 0.000269679 0.00668
0.59 0.647522 0.647256 0.640935 0.000266028 0.00658675
0.6 0.656885 0.656623 0.650397 0.000262195 0.0064879
0.61 0.666204 0.665946 0.659821 0.000258186 0.00638361
0.62 0.675481 0.675227 0.669207 0.000254005 0.00627405
0.63 0.684714 0.684465 0.678555 0.000249654 0.00615938
0.64 0.693906 0.693661 0.687866 0.000245139 0.00603977
0.65 0.703056 0.702816 0.697141 0.000240462 0.0059154
0.66 0.712165 0.711929 0.706379 0.000235627 0.00578643
0.67 0.721233 0.721002 0.71558 0.000230638 0.00565305
0.68 0.73026 0.730035 0.724745 0.000225498 0.00551543
0.69 0.739248 0.739027 0.733874 0.000220211 0.00537376
0.7 0.748195 0.74798 0.742967 0.000214781 0.00522822
0.71 0.757104 0.756894 0.752025 0.00020921 0.005079
0.72 0.765973 0.765769 0.761047 0.000203502 0.00492628
0.73 0.774804 0.774606 0.770034 0.00019766 0.00477025
0.74 0.783597 0.783405 0.778986 0.000191688 0.00461111
0.75 0.792352 0.792166 0.787903 0.000185588 0.00444904
0.76 0.80107 0.80089 0.796785 0.000179364 0.00428423
0.77 0.80975 0.809577 0.805634 0.000173019 0.00411688
0.78 0.818395 0.818228 0.814447 0.000166556 0.00394718
0.79 0.827002 0.826842 0.823227 0.000159977 0.00377532
0.8 0.835574 0.835421 0.831973 0.000153287 0.00360149
0.81 0.844111 0.843964 0.840685 0.000146486 0.00342589
0.82 0.852612 0.852472 0.849363 0.00013958 0.0032487
0.83 0.861078 0.860946 0.858008 0.000132569 0.00307012
0.84 0.86951 0.869385 0.86662 0.000125457 0.00289034
0.85 0.877908 0.87779 0.875199 0.000118247 0.00270955
0.86 0.886272 0.886161 0.883744 0.000110942 0.00252794
0.87 0.894603 0.894499 0.892257 0.000103543 0.00234569
0.88 0.9029 0.902804 0.900737 9.60535e-05 0.00216298
0.89 0.911164 0.911076 0.909184 8.84762e-05 0.00198001
0.9 0.919396 0.919316 0.9176 8.08134e-05 0.00179695
0.91 0.927596 0.927523 0.925982 7.30675e-05 0.00161399
0.92 0.935764 0.935699 0.934333 6.52409e-05 0.00143129
0.93 0.943901 0.943844 0.942652 5.7336e-05 0.00124905
0.94 0.952006 0.951957 0.950939 4.93552e-05 0.00106742
0.95 0.960081 0.960039 0.959194 4.13006e-05 0.00088658
0.96 0.968125 0.968091 0.967418 3.31746e-05 0.0007067
0.97 0.976138 0.976113 0.97561 2.49794e-05 0.000527941
0.98 0.984122 0.984105 0.983771 1.67172e-05 0.000350467
0.99 0.992076 0.992067 0.991901 8.38999e-06 0.000174435
