0.000137185 0.000155019
0.00102216 0.00115882
0.00327356 0.00366921
0.00742936 0.00818836
0.0139661 0.0151038
0.0233072 0.0247169
0.0358262 0.0372634
0.0518488 0.0529278
0.0716543 0.0718552
0.0954757 0.0941587
0.123501 0.119926
0.155872 0.149225
0.192687 0.182107
0.234002 0.21861
0.279826 0.258759
0.330131 0.302573
0.384846 0.350061
0.443862 0.401228
0.507034 0.456072
0.574182 0.514587
0.645094 0.576763
0.719528 0.642589
0.797217 0.71205
0.877866 0.785128
0.961164 0.861806
1.04678 0.942063
1.13437 1.02588
1.22357 1.11323
1.31403 1.20409
1.40537 1.29845
1.49723 1.39627
1.58924 1.49753
1.68104 1.6022
1.77228 1.71027
1.86263 1.82171
1.95175 1.93649
2.03935 2.05459
2.12514 2.17598
2.20885 2.30064
2.29026 2.42854
2.36915 2.55966
2.44533 2.69397
2.51866 2.83146
2.58901 2.97209
2.65629 3.11584
2.72044 3.2627
2.78143 3.41263
2.83927 3.56561
2.89399 3.72163
2.94566 3.88065
2.99436 4.04266
3.04023 4.20763
3.0834 4.37555
3.12406 4.54639
3.16239 4.72013
3.19862 4.89675
3.23297 5.07622
3.26569 5.25854
3.29706 5.44368
3.32733 5.63161
3.3568 5.82233
3.38574 6.0158
3.41444 6.21202
3.44319 6.41096
3.47227 6.61261
3.50195 6.81694
3.53251 7.02394
3.56419 7.23359
3.59725 7.44587
3.63189 7.66078
3.66834 7.87828
3.70677 8.09836
3.74736 8.32101
3.79024 8.54621
3.83553 8.77394
3.88333 9.00419
3.93371 9.23694
3.9867 9.47218
4.04232 9.70989
4.10056 9.95006
4.16139 10.1927
4.22473 10.4377
4.29051 10.6851
4.35861 10.935
4.42889 11.1872
4.50122 11.4418
4.57542 11.6988
4.65129 11.9581
4.72863 12.2197
4.80723 12.4836
4.88686 12.7499
4.96729 13.0184
5.04826 13.2892
5.12955 13.5623
5.21089 13.8376
5.29205 14.1152
5.37279 14.395
5.45287 14.677
5.53206 14.9612
5.61014 15.2476
