0.000137185 0.000155019
0.00102212 0.00115882
0.00327337 0.00366921
0.00742883 0.00818836
0.0139651 0.0151038
0.0233052 0.0247169
0.0358227 0.0372634
0.0518433 0.0529279
0.0716459 0.0718552
0.0954637 0.0941587
0.123484 0.119926
0.155849 0.149225
0.192658 0.182107
0.233963 0.21861
0.279777 0.258759
0.33007 0.302572
0.38477 0.35006
0.44377 0.401226
0.506924 0.456069
0.574051 0.514582
0.644939 0.576757
0.719347 0.64258
0.797006 0.712037
0.877622 0.78511
0.960884 0.861782
1.04646 0.942031
1.134 1.02584
1.22316 1.11318
1.31356 1.20403
1.40485 1.29836
1.49665 1.39616
1.58859 1.4974
1.68032 1.60205
1.77149 1.71008
1.86175 1.82148
1.95079 1.93622
2.0383 2.05427
2.12399 2.1756
2.2076 2.3002
2.2889 2.42803
2.36767 2.55907
2.44374 2.69329
2.51694 2.83068
2.58715 2.9712
2.65429 3.11484
2.7183 3.26156
2.77914 3.41135
2.83682 3.56417
2.89138 3.72001
2.94287 3.87885
2.9914 4.04066
3.03708 4.20541
3.08006 4.37309
3.12052 4.54367
3.15864 4.71713
3.19465 4.89345
3.22878 5.07261
3.26128 5.25459
3.2924 5.43936
3.32243 5.62691
3.35164 5.81722
3.38031 6.01025
3.40873 6.20601
3.43718 6.40445
3.46595 6.60558
3.4953 6.80936
3.52551 7.01578
3.55682 7.22482
3.58948 7.43645
3.6237 7.65067
3.65969 7.86746
3.69764 8.08679
3.73769 8.30865
3.78 8.53303
3.82467 8.75989
3.8718 8.98924
3.92143 9.22104
3.97362 9.4553
4.02836 9.69197
4.08563 9.93107
4.1454 10.1726
4.20759 10.4164
4.27211 10.6627
4.33883 10.9112
4.40762 11.1622
4.47831 11.4154
4.55072 11.6709
4.62466 11.9288
4.6999 12.1889
4.77623 12.4512
4.85341 12.7159
4.93119 12.9827
5.00932 13.2518
5.08755 13.523
5.16563 13.7965
5.2433 14.0722
5.32033 14.35
5.39646 14.6299
5.47148 14.912
5.54516 15.1963
